21
20
45,46,47,48,49,50,51,52,53,54,55,56,57,58,59,Midway,60,61,62,63,64
Cottage Grove,Maryland,Drexel,Ingleside,Ellis,Greenwood,University,Woodlawn,Kimbark,Kenwood,Dorchester,Blackstone,Harper,Lake Park,Stony Island,Cornell,Hyde Park,Everett,South Shore,Lake Shore
45
0,1,1,0
0,0,1,1
0,1,1,1
0,0,1,1
0,1,1,1
0,1,1,1
0,0,1,1
0,1,0,1
0,0,0,0
0,0,0,0
0,0,0,0
0,0,0,0
0,0,0,0
0,0,0,0
0,0,0,0
0,0,0,0
0,0,0,0
0,0,0,0
0,0,0,0
0,0,0,0
46
1,1,1,0
0,0,1,1
1,1,1,1
0,0,1,1
0,1,1,1
1,1,1,1
0,0,1,1
1,1,0,1
0,0,0,0
0,0,0,0
0,0,0,0
0,0,0,0
0,0,0,0
0,0,0,0
0,0,0,0
0,0,0,0
0,0,0,0
0,0,0,0
0,0,0,0
0,0,0,0
47
1,1,1,0
0,0,1,1
1,1,1,1
0,0,1,1
0,1,1,1
1,1,1,1
0,0,1,1
1,1,1,1
0,0,1,1
0,0,1,1
0,0,1,1
0,0,1,1
0,0,1,1
0,1,0,1
0,0,0,0
0,0,0,0
0,0,0,0
0,0,0,0
0,0,0,0
0,0,0,0
48
1,1,1,0
0,0,1,1
1,1,1,1
0,0,1,1
0,1,1,1
1,1,1,1
0,0,1,1
1,1,1,1
0,1,1,1
0,0,1,1
0,1,1,1
0,0,1,1
0,0,1,1
1,1,0,1
0,0,0,0
0,0,0,0
0,0,0,0
0,0,0,0
0,0,0,0
0,0,0,0
49
1,1,1,0
0,0,1,1
1,1,1,1
0,0,1,1
1,1,1,1
1,1,1,1
0,0,1,1
1,1,1,1
1,1,1,1
0,0,1,1
0,1,1,1
0,1,1,1
0,0,1,1
1,1,0,1
0,0,0,0
0,0,0,0
0,0,0,0
0,0,0,0
0,0,0,0
0,0,0,0
50
1,1,1,0
0,0,1,1
1,1,1,1
0,0,1,1
1,1,1,1
1,1,1,1
0,0,1,1
1,1,1,1
1,0,1,1
0,0,1,1
0,1,1,1
1,1,0,1
0,0,0,0
0,0,0,0
0,0,0,0
0,0,1,0
0,1,1,0
0,0,1,1
0,0,1,1
1,1,0,1
51
1,1,1,0
0,0,1,1
1,0,1,1
0,0,1,1
1,1,1,1
0,1,1,1
0,0,1,1
1,1,1,1
0,1,1,1
0,1,1,1
0,1,1,1
1,0,1,1
0,1,1,1
1,1,1,1
0,0,1,1
1,1,1,1
0,1,1,1
0,0,1,1
0,0,1,1
1,1,0,1
52
1,1,1,0
0,0,1,1
1,1,0,1
1,0,0,1
1,0,0,1
0,1,0,1
1,0,0,1
1,1,0,1
0,0,0,1
1,0,0,1
0,1,0,1
1,0,0,1
1,1,0,1
1,1,0,1
0,0,0,0
1,1,0,0
1,1,0,0
0,0,0,0
0,0,0,0
1,1,0,0
53
1,1,1,0
0,1,1,1
1,1,1,1
1,0,1,1
0,1,1,1
0,1,1,1
1,0,1,1
1,1,1,1
0,0,1,1
1,0,1,1
0,1,1,1
1,0,1,1
1,1,1,1
1,1,1,1
0,0,1,1
1,1,1,1
1,1,1,1
0,0,1,1
0,1,0,1
1,1,0,0
54
1,1,1,0
1,0,1,1
1,1,1,1
1,0,1,1
1,1,1,1
0,1,1,1
1,0,1,1
1,1,1,1
1,0,1,1
1,0,1,1
0,1,1,1
1,0,1,1
1,1,1,1
1,1,0,1
0,0,0,0
1,1,1,0
1,1,1,1
0,0,1,1
1,1,0,0
1,1,0,0
55
1,1,1,0
0,0,1,1
1,0,1,1
1,0,1,1
1,1,1,1
0,1,1,1
1,0,1,1
1,1,1,1
0,1,1,1
1,0,1,1
0,1,1,1
1,1,1,1
0,1,1,1
1,1,1,1
0,0,1,1
1,1,1,1
1,1,1,1
0,1,1,1
1,1,0,1
1,1,0,0
56
1,1,1,0
0,1,1,1
0,1,1,1
0,0,1,1
1,1,1,1
0,0,1,1
1,0,1,1
1,1,1,0
0,1,1,0
1,0,1,0
0,1,1,0
1,0,1,0
1,1,1,0
1,1,1,0
0,1,1,1
1,0,1,1
1,1,1,1
1,1,1,1
1,0,0,1
1,1,0,0
57
1,1,1,0
1,1,1,1
1,1,1,1
0,0,1,1
1,1,1,1
0,0,1,1
1,0,1,1
1,1,1,1
0,1,1,1
0,0,1,1
0,1,1,1
1,0,1,1
1,0,1,1
0,0,1,0
1,1,1,0
0,1,1,1
1,1,1,1
1,0,1,1
0,0,1,1
1,1,0,1
58
1,1,1,0
1,1,1,1
1,0,1,1
0,0,1,1
1,1,0,1
0,0,0,0
1,0,0,0
1,1,0,1
0,1,0,1
1,0,0,1
0,1,0,1
1,0,0,1
1,0,0,0
0,0,0,0
1,1,0,0
1,1,0,0
0,0,0,0
0,0,0,0
0,0,0,0
1,1,0,0
59
1,1,0,1
1,0,0,1
0,0,0,1
0,0,0,1
1,1,0,1
0,0,0,1
1,0,0,1
1,1,0,1
0,0,0,1
0,0,0,1
0,1,1,1
1,0,1,1
1,0,1,1
0,0,1,1
1,1,0,1
1,1,0,0
0,0,0,0
0,0,0,0
0,0,0,0
1,1,0,0
Midway
1,1,1,1
0,0,1,1
0,0,1,1
0,0,1,1
1,1,1,1
0,0,1,1
0,0,1,1
1,1,1,1
0,0,1,1
0,0,1,1
1,1,1,1
0,0,1,1
0,0,1,1
0,0,1,1
1,1,1,1
1,1,0,1
0,0,0,0
0,0,0,0
0,0,0,0
1,1,0,0
60
1,1,1,1
0,0,1,1
0,1,1,1
0,1,1,1
1,1,1,1
0,0,1,1
0,0,1,1
1,1,1,1
0,0,1,1
0,0,1,1
1,1,1,1
0,0,1,1
0,0,1,1
0,0,1,1
1,1,0,1
1,1,0,0
0,0,0,0
0,0,0,0
0,0,0,0
1,1,0,0
61
1,1,1,0
0,0,1,1
1,1,1,1
1,0,1,1
1,1,1,1
0,1,1,1
0,1,1,1
1,1,1,1
0,1,1,1
0,1,1,1
1,1,1,1
0,0,0,1
0,1,1,0
0,0,1,1
1,1,0,1
1,1,0,0
0,0,0,0
0,0,0,0
0,0,0,0
1,1,0,0
62
1,1,1,0
0,0,1,0
1,1,0,0
0,0,0,0
1,1,1,0
0,1,1,0
1,1,1,0
1,1,1,0
0,1,1,0
1,1,1,0
1,1,0,0
0,0,1,0
1,1,1,1
0,0,1,1
1,1,0,1
1,1,0,0
0,0,0,0
0,0,0,0
0,0,0,0
1,1,0,0
63
1,1,1,0
0,1,1,1
1,1,1,1
0,1,1,1
1,0,1,1
0,1,1,1
1,1,1,1
1,1,1,1
0,1,1,1
1,0,1,1
1,1,1,1
0,1,1,1
1,1,1,1
0,0,1,1
1,1,1,1
1,1,0,1
0,0,0,0
0,0,0,0
0,0,0,0
1,1,0,0
64
1,0,1,0
0,0,1,1
1,0,0,1
1,0,0,0
1,0,0,0
0,0,1,0
1,0,1,1
1,0,1,1
0,0,1,1
1,0,1,1
1,0,1,1
1,0,1,1
1,0,1,1
0,0,1,1
1,0,0,1
1,0,0,0
0,0,0,0
0,0,0,0
0,0,0,0
1,0,0,0